-100.2,-0.003,-10,-0.2,100.2,-0.003,10,-0.2,-0.02
-100.3,-0.006,-10,-0.3,100.3,-0.006,10,-0.3,-0.03
-100.5,-0.015,-10,-0.5,100.5,-0.015,10,-0.5,-0.05
-100.7,-0.028,-10,-0.7,100.7,-0.028,10,-0.7,-0.07
-100.9,-0.045,-10,-0.9,100.9,-0.045,10,-0.9,-0.09
-101.1,-0.066,-10,-1.1,101.1,-0.066,10,-1.1,-0.11
-101.3,-0.091,-10,-1.3,101.3,-0.091,10,-1.3,-0.13
-101.5,-0.12,-10,-1.5,101.5,-0.12,10,-1.5,-0.15
-101.7,-0.153,-10,-1.7,101.7,-0.153,10,-1.7,-0.17
-101.9,-0.19,-10,-1.9,101.9,-0.19,10,-1.9,-0.19
-102.1,-0.231,-10,-2.1,102.1,-0.231,10,-2.1,-0.21
-102.3,-0.276,-10,-2.3,102.3,-0.276,10,-2.3,-0.23
-102.5,-0.325,-10,-2.5,102.5,-0.325,10,-2.5,-0.25
-102.7,-0.378,-10,-2.7,102.7,-0.378,10,-2.7,-0.27
-102.9,-0.435,-10,-2.9,102.9,-0.435,10,-2.9,-0.29
-103.1,-0.496,-10,-3.1,103.1,-0.496,10,-3.1,-0.31
-103.3,-0.561,-10,-3.3,103.3,-0.561,10,-3.3,-0.33
-103.5,-0.63,-10,-3.5,103.5,-0.63,10,-3.5,-0.35
-103.7,-0.703,-10,-3.7,103.7,-0.703,10,-3.7,-0.37
-103.9,-0.78,-10,-3.9,103.9,-0.78,10,-3.9,-0.39
-104.1,-0.861,-10,-4.1,104.1,-0.861,10,-4.1,-0.41
-104.3,-0.946,-10,-4.3,104.3,-0.946,10,-4.3,-0.43
-104.5,-1.035,-10,-4.5,104.5,-1.035,10,-4.5,-0.45
-104.7,-1.128,-10,-4.7,104.7,-1.128,10,-4.7,-0.47
-104.9,-1.225,-10,-4.9,104.9,-1.225,10,-4.9,-0.49
-105.1,-1.326,-10,-5.1,105.1,-1.326,10,-5.1,-0.51
-105.3,-1.431,-10,-5.3,105.3,-1.431,10,-5.3,-0.53
-105.5,-1.54,-10,-5.5,105.5,-1.54,10,-5.5,-0.55
-105.7,-1.653,-10,-5.7,105.7,-1.653,10,-5.7,-0.57
-105.9,-1.77,-10,-5.9,105.9,-1.77,10,-5.9,-0.59
-106.1,-1.891,-10,-6.1,106.1,-1.891,10,-6.1,-0.61
-106.3,-2.016,-10,-6.3,106.3,-2.016,10,-6.3,-0.63
-106.5,-2.145,-10,-6.5,106.5,-2.145,10,-6.5,-0.65
-106.7,-2.278,-10,-6.7,106.7,-2.278,10,-6.7,-0.67
-106.9,-2.415,-10,-6.9,106.9,-2.415,10,-6.9,-0.69
-107.1,-2.556,-10,-7.1,107.1,-2.556,10,-7.1,-0.71
-107.3,-2.701,-10,-7.3,107.3,-2.701,10,-7.3,-0.73
-107.5,-2.85,-10,-7.5,107.5,-2.85,10,-7.5,-0.75
-107.7,-3.003,-10,-7.7,107.7,-3.003,10,-7.7,-0.77
-107.9,-3.16,-10,-7.9,107.9,-3.16,10,-7.9,-0.79
-108.1,-3.321,-10,-8.1,108.1,-3.321,10,-8.1,-0.81
-108.3,-3.486,-10,-8.3,108.3,-3.486,10,-8.3,-0.83
-108.5,-3.655,-10,-8.5,108.5,-3.655,10,-8.5,-0.85
-108.7,-3.828,-10,-8.7,108.7,-3.828,10,-8.7,-0.87
-108.9,-4.005,-10,-8.9,108.9,-4.005,10,-8.9,-0.89
-109.1,-4.186,-10,-9.1,109.1,-4.186,10,-9.1,-0.91
-109.3,-4.371,-10,-9.3,109.3,-4.371,10,-9.3,-0.93
-109.5,-4.56,-10,-9.5,109.5,-4.56,10,-9.5,-0.95
-109.7,-4.753,-10,-9.7,109.7,-4.753,10,-9.7,-0.97
-109.9,-4.95,-10,-9.9,109.9,-4.95,10,-9.9,-0.99
-110.1,-5.151,-10,-10.1,110.1,-5.151,10,-10.1,-1.01
-110.3,-5.356,-10,-10.3,110.3,-5.356,10,-10.3,-1.03
-110.5,-5.565,-10,-10.5,110.5,-5.565,10,-10.5,-1.05
-110.7,-5.778,-10,-10.7,110.7,-5.778,10,-10.7,-1.07
-110.9,-5.995,-10,-10.9,110.9,-5.995,10,-10.9,-1.09
-111.1,-6.216,-10,-11.1,111.1,-6.216,10,-11.1,-1.11
-111.3,-6.441,-10,-11.3,111.3,-6.441,10,-11.3,-1.13
-111.6,-6.786,-10,-11.6,111.6,-6.786,10,-11.6,-1.16
-111.7,-6.903,-10,-11.7,111.7,-6.903,10,-11.7,-1.17
-111.9,-7.14,-10,-11.9,111.9,-7.14,10,-11.9,-1.19
-112.1,-7.381,-10,-12.1,112.1,-7.381,10,-12.1,-1.21
-112.3,-7.626,-10,-12.3,112.3,-7.626,10,-12.3,-1.23
-112.5,-7.875,-10,-12.5,112.5,-7.875,10,-12.5,-1.25
-112.7,-8.128,-10,-12.7,112.7,-8.128,10,-12.7,-1.27
-112.9,-8.385,-10,-12.9,112.9,-8.385,10,-12.9,-1.29
-113.2,-8.778,-10,-13.2,113.2,-8.778,10,-13.2,-1.32
-113.3,-8.911,-10,-13.3,113.3,-8.911,10,-13.3,-1.33
-113.5,-9.18,-10,-13.5,113.5,-9.18,10,-13.5,-1.35
-113.7,-9.453,-10,-13.7,113.7,-9.453,10,-13.7,-1.37
-113.9,-9.73,-10,-13.9,113.9,-9.73,10,-13.9,-1.39
-114.1,-10.011,-10,-14.1,114.1,-10.011,10,-14.1,-1.41
-114.3,-10.296,-10,-14.3,114.3,-10.296,10,-14.3,-1.43
-114.5,-10.585,-10,-14.5,114.5,-10.585,10,-14.5,-1.45
-114.7,-10.878,-10,-14.7,114.7,-10.878,10,-14.7,-1.47
-114.9,-11.175,-10,-14.9,114.9,-11.175,10,-14.9,-1.49
-115.1,-11.476,-10,-15.1,115.1,-11.476,10,-15.1,-1.51
-115.3,-11.781,-10,-15.3,115.3,-11.781,10,-15.3,-1.53
-115.5,-12.09,-10,-15.5,115.5,-12.09,10,-15.5,-1.55
-115.7,-12.403,-10,-15.7,115.7,-12.403,10,-15.7,-1.57
-115.9,-12.72,-10,-15.9,115.9,-12.72,10,-15.9,-1.59
-116.2,-13.203,-10,-16.2,116.2,-13.203,10,-16.2,-1.62
-116.3,-13.366,-10,-16.3,116.3,-13.366,10,-16.3,-1.63
-116.5,-13.695,-10,-16.5,116.5,-13.695,10,-16.5,-1.65
-116.7,-14.028,-10,-16.7,116.7,-14.028,10,-16.7,-1.67
-116.9,-14.365,-10,-16.9,116.9,-14.365,10,-16.9,-1.69
-117.1,-14.706,-10,-17.1,117.1,-14.706,10,-17.1,-1.71
-117.3,-15.051,-10,-17.3,117.3,-15.051,10,-17.3,-1.73
-117.5,-15.4,-10,-17.5,117.5,-15.4,10,-17.5,-1.75
-117.7,-15.753,-10,-17.7,117.7,-15.753,10,-17.7,-1.77
-117.9,-16.11,-10,-17.9,117.9,-16.11,10,-17.9,-1.79
-118.1,-16.471,-10,-18.1,118.1,-16.471,10,-18.1,-1.81
-118.3,-16.836,-10,-18.3,118.3,-16.836,10,-18.3,-1.83
-118.5,-17.205,-10,-18.5,118.5,-17.205,10,-18.5,-1.85
-118.7,-17.578,-10,-18.7,118.7,-17.578,10,-18.7,-1.87
-118.9,-17.955,-10,-18.9,118.9,-17.955,10,-18.9,-1.89
-119.1,-18.336,-10,-19.1,119.1,-18.336,10,-19.1,-1.91
-119.3,-18.721,-10,-19.3,119.3,-18.721,10,-19.3,-1.93
-119.5,-19.11,-10,-19.5,119.5,-19.11,10,-19.5,-1.95
-119.7,-19.503,-10,-19.7,119.7,-19.503,10,-19.7,-1.97
-119.9,-19.9,-10,-19.9,119.9,-19.9,10,-19.9,-1.99
-120.1,-20.301,-10,-20.1,120.1,-20.301,10,-20.1,-2.01
-120.3,-20.706,-10,-20.3,120.3,-20.706,10,-20.3,-2.03
-120.5,-21.115,-10,-20.5,120.5,-21.115,10,-20.5,-2.05
-120.7,-21.528,-10,-20.7,120.7,-21.528,10,-20.7,-2.07
-120.9,-21.945,-10,-20.9,120.9,-21.945,10,-20.9,-2.09
-121.1,-22.366,-10,-21.1,121.1,-22.366,10,-21.1,-2.11
-121.3,-22.791,-10,-21.3,121.3,-22.791,10,-21.3,-2.13
-121.5,-23.22,-10,-21.5,121.5,-23.22,10,-21.5,-2.15
-121.7,-23.653,-10,-21.7,121.7,-23.653,10,-21.7,-2.17
-121.9,-24.09,-10,-21.9,121.9,-24.09,10,-21.9,-2.19
-122.1,-24.531,-10,-22.1,122.1,-24.531,10,-22.1,-2.21
-122.3,-24.976,-10,-22.3,122.3,-24.976,10,-22.3,-2.23
-122.5,-25.425,-10,-22.5,122.5,-25.425,10,-22.5,-2.25
-122.7,-25.878,-10,-22.7,122.7,-25.878,10,-22.7,-2.27
-122.9,-26.335,-10,-22.9,122.9,-26.335,10,-22.9,-2.29
-123.1,-26.796,-10,-23.1,123.1,-26.796,10,-23.1,-2.31
-123.3,-27.261,-10,-23.3,123.3,-27.261,10,-23.3,-2.33
-123.5,-27.73,-10,-23.5,123.5,-27.73,10,-23.5,-2.35
-123.7,-28.203,-10,-23.7,123.7,-28.203,10,-23.7,-2.37
-123.9,-28.68,-10,-23.9,123.9,-28.68,10,-23.9,-2.39
-124.1,-29.161,-10,-24.1,124.1,-29.161,10,-24.1,-2.41
-124.3,-29.646,-10,-24.3,124.3,-29.646,10,-24.3,-2.43
-124.5,-30.135,-10,-24.5,124.5,-30.135,10,-24.5,-2.45
-124.7,-30.628,-10,-24.7,124.7,-30.628,10,-24.7,-2.47
-125,-31.375,-10,-25,125,-31.375,10,-25,-2.5
-125.1,-31.626,-10,-25.1,125.1,-31.626,10,-25.1,-2.51
-125.3,-32.131,-10,-25.3,125.3,-32.131,10,-25.3,-2.53
-125.5,-32.64,-10,-25.5,125.5,-32.64,10,-25.5,-2.55
-125.7,-33.153,-10,-25.7,125.7,-33.153,10,-25.7,-2.57
-125.9,-33.67,-10,-25.9,125.9,-33.67,10,-25.9,-2.59
-126.1,-34.191,-10,-26.1,126.1,-34.191,10,-26.1,-2.61
-126.3,-34.716,-10,-26.3,126.3,-34.716,10,-26.3,-2.63
-126.5,-35.245,-10,-26.5,126.5,-35.245,10,-26.5,-2.65
-126.7,-35.778,-10,-26.7,126.7,-35.778,10,-26.7,-2.67
-126.9,-36.315,-10,-26.9,126.9,-36.315,10,-26.9,-2.69
-127.1,-36.856,-10,-27.1,127.1,-36.856,10,-27.1,-2.71
-127.3,-37.401,-10,-27.3,127.3,-37.401,10,-27.3,-2.73
-127.5,-37.95,-10,-27.5,127.5,-37.95,10,-27.5,-2.75
-127.7,-38.503,-10,-27.7,127.7,-38.503,10,-27.7,-2.77
-127.9,-39.06,-10,-27.9,127.9,-39.06,10,-27.9,-2.79
-128.1,-39.621,-10,-28.1,128.1,-39.621,10,-28.1,-2.81
-128.3,-40.186,-10,-28.3,128.3,-40.186,10,-28.3,-2.83
-128.5,-40.755,-10,-28.5,128.5,-40.755,10,-28.5,-2.85
-128.7,-41.328,-10,-28.7,128.7,-41.328,10,-28.7,-2.87
-128.9,-41.905,-10,-28.9,128.9,-41.905,10,-28.9,-2.89
-129.1,-42.486,-10,-29.1,129.1,-42.486,10,-29.1,-2.91
-129.3,-43.071,-10,-29.3,129.3,-43.071,10,-29.3,-2.93
-129.6,-43.956,-10,-29.6,129.6,-43.956,10,-29.6,-2.96
-129.7,-44.253,-10,-29.7,129.7,-44.253,10,-29.7,-2.97
-129.9,-44.85,-10,-29.9,129.9,-44.85,10,-29.9,-2.99
-130.2,-45.753,-10,-30.2,130.2,-45.753,10,-30.2,-3.02
-130.3,-46.056,-10,-30.3,130.3,-46.056,10,-30.3,-3.03
-130.5,-46.665,-10,-30.5,130.5,-46.665,10,-30.5,-3.05
-130.7,-47.278,-10,-30.7,130.7,-47.278,10,-30.7,-3.07
-130.9,-47.895,-10,-30.9,130.9,-47.895,10,-30.9,-3.09
-131.1,-48.516,-10,-31.1,131.1,-48.516,10,-31.1,-3.11
-131.3,-49.141,-10,-31.3,131.3,-49.141,10,-31.3,-3.13
-131.5,-49.77,-10,-31.5,131.5,-49.77,10,-31.5,-3.15
-131.7,-50.403,-10,-31.7,131.7,-50.403,10,-31.7,-3.17
-131.9,-51.04,-10,-31.9,131.9,-51.04,10,-31.9,-3.19
-132.1,-51.681,-10,-32.1,132.1,-51.681,10,-32.1,-3.21
-132.3,-52.326,-10,-32.3,132.3,-52.326,10,-32.3,-3.23
-132.5,-52.975,-10,-32.5,132.5,-52.975,10,-32.5,-3.25
-132.7,-53.628,-10,-32.7,132.7,-53.628,10,-32.7,-3.27
-132.9,-54.285,-10,-32.9,132.9,-54.285,10,-32.9,-3.29
-133.1,-54.946,-10,-33.1,133.1,-54.946,10,-33.1,-3.31
-133.3,-55.611,-10,-33.3,133.3,-55.611,10,-33.3,-3.33
-133.5,-56.28,-10,-33.5,133.5,-56.28,10,-33.5,-3.35
-133.7,-56.953,-10,-33.7,133.7,-56.953,10,-33.7,-3.37
-133.9,-57.63,-10,-33.9,133.9,-57.63,10,-33.9,-3.39
-134.1,-58.311,-10,-34.1,134.1,-58.311,10,-34.1,-3.41
-134.3,-58.996,-10,-34.3,134.3,-58.996,10,-34.3,-3.43
-134.5,-59.685,-10,-34.5,134.5,-59.685,10,-34.5,-3.45
-134.7,-60.378,-10,-34.7,134.7,-60.378,10,-34.7,-3.47
-134.9,-61.075,-10,-34.9,134.9,-61.075,10,-34.9,-3.49
-135.1,-61.776,-10,-35.1,135.1,-61.776,10,-35.1,-3.51
-135.3,-62.481,-10,-35.3,135.3,-62.481,10,-35.3,-3.53
-135.5,-63.19,-10,-35.5,135.5,-63.19,10,-35.5,-3.55
-135.7,-63.903,-10,-35.7,135.7,-63.903,10,-35.7,-3.57
-135.9,-64.62,-10,-35.9,135.9,-64.62,10,-35.9,-3.59
-136.1,-65.341,-10,-36.1,136.1,-65.341,10,-36.1,-3.61
-136.3,-66.066,-10,-36.3,136.3,-66.066,10,-36.3,-3.63
-136.5,-66.795,-10,-36.5,136.5,-66.795,10,-36.5,-3.65
-136.7,-67.528,-10,-36.7,136.7,-67.528,10,-36.7,-3.67
-136.9,-68.265,-10,-36.9,136.9,-68.265,10,-36.9,-3.69
-137.1,-69.006,-10,-37.1,137.1,-69.006,10,-37.1,-3.71
-137.3,-69.751,-10,-37.3,137.3,-69.751,10,-37.3,-3.73
-137.5,-70.5,-10,-37.5,137.5,-70.5,10,-37.5,-3.75
-137.7,-71.253,-10,-37.7,137.7,-71.253,10,-37.7,-3.77
-137.9,-72.01,-10,-37.9,137.9,-72.01,10,-37.9,-3.79
-138.2,-73.153,-10,-38.2,138.2,-73.153,10,-38.2,-3.82
-138.3,-73.536,-10,-38.3,138.3,-73.536,10,-38.3,-3.83
-138.5,-74.305,-10,-38.5,138.5,-74.305,10,-38.5,-3.85
-138.7,-75.078,-10,-38.7,138.7,-75.078,10,-38.7,-3.87
-138.9,-75.855,-10,-38.9,138.9,-75.855,10,-38.9,-3.89
-139.1,-76.636,-10,-39.1,139.1,-76.636,10,-39.1,-3.91
-139.3,-77.421,-10,-39.3,139.3,-77.421,10,-39.3,-3.93
-139.5,-78.21,-10,-39.5,139.5,-78.21,10,-39.5,-3.95
-139.7,-79.003,-10,-39.7,139.7,-79.003,10,-39.7,-3.97
-139.9,-79.8,-10,-39.9,139.9,-79.8,10,-39.9,-3.99
-140.2,-81.003,-10,-40.2,140.2,-81.003,10,-40.2,-4.02
-140.3,-81.406,-10,-40.3,140.3,-81.406,10,-40.3,-4.03
-140.6,-82.621,-10,-40.6,140.6,-82.621,10,-40.6,-4.06
-140.7,-83.028,-10,-40.7,140.7,-83.028,10,-40.7,-4.07
-140.9,-83.845,-10,-40.9,140.9,-83.845,10,-40.9,-4.09
-141.1,-84.666,-10,-41.1,141.1,-84.666,10,-41.1,-4.11
-141.3,-85.491,-10,-41.3,141.3,-85.491,10,-41.3,-4.13
-141.5,-86.32,-10,-41.5,141.5,-86.32,10,-41.5,-4.15
-141.7,-87.153,-10,-41.7,141.7,-87.153,10,-41.7,-4.17
-141.9,-87.99,-10,-41.9,141.9,-87.99,10,-41.9,-4.19
-142.1,-88.831,-10,-42.1,142.1,-88.831,10,-42.1,-4.21
-142.3,-89.676,-10,-42.3,142.3,-89.676,10,-42.3,-4.23
-142.5,-90.525,-10,-42.5,142.5,-90.525,10,-42.5,-4.25
-142.7,-91.378,-10,-42.7,142.7,-91.378,10,-42.7,-4.27
-142.9,-92.235,-10,-42.9,142.9,-92.235,10,-42.9,-4.29
-143.1,-93.096,-10,-43.1,143.1,-93.096,10,-43.1,-4.31
-143.3,-93.961,-10,-43.3,143.3,-93.961,10,-43.3,-4.33
-143.5,-94.83,-10,-43.5,143.5,-94.83,10,-43.5,-4.35
-143.7,-95.703,-10,-43.7,143.7,-95.703,10,-43.7,-4.37
-143.9,-96.58,-10,-43.9,143.9,-96.58,10,-43.9,-4.39
-144.1,-97.461,-10,-44.1,144.1,-97.461,10,-44.1,-4.41
-144.3,-98.346,-10,-44.3,144.3,-98.346,10,-44.3,-4.43
-144.5,-99.235,-10,-44.5,144.5,-99.235,10,-44.5,-4.45
-144.7,-100.128,-10,-44.7,144.7,-100.128,10,-44.7,-4.47
-144.9,-101.025,-10,-44.9,144.9,-101.025,10,-44.9,-4.49
-145.1,-101.926,-10,-45.1,145.1,-101.926,10,-45.1,-4.51
-145.3,-102.831,-10,-45.3,145.3,-102.831,10,-45.3,-4.53
-145.5,-103.74,-10,-45.5,145.5,-103.74,10,-45.5,-4.55
-145.7,-104.653,-10,-45.7,145.7,-104.653,10,-45.7,-4.57
-145.9,-105.57,-10,-45.9,145.9,-105.57,10,-45.9,-4.59
-146.1,-106.491,-10,-46.1,146.1,-106.491,10,-46.1,-4.61
-146.3,-107.416,-10,-46.3,146.3,-107.416,10,-46.3,-4.63
-146.5,-108.345,-10,-46.5,146.5,-108.345,10,-46.5,-4.65
-146.7,-109.278,-10,-46.7,146.7,-109.278,10,-46.7,-4.67
-146.9,-110.215,-10,-46.9,146.9,-110.215,10,-46.9,-4.69
-147.1,-111.156,-10,-47.1,147.1,-111.156,10,-47.1,-4.71
-147.3,-112.101,-10,-47.3,147.3,-112.101,10,-47.3,-4.73
-147.5,-113.05,-10,-47.5,147.5,-113.05,10,-47.5,-4.75
-147.7,-114.003,-10,-47.7,147.7,-114.003,10,-47.7,-4.77
-147.9,-114.96,-10,-47.9,147.9,-114.96,10,-47.9,-4.79
-148.1,-115.921,-10,-48.1,148.1,-115.921,10,-48.1,-4.81
-148.3,-116.886,-10,-48.3,148.3,-116.886,10,-48.3,-4.83
-148.5,-117.855,-10,-48.5,148.5,-117.855,10,-48.5,-4.85
-148.7,-118.828,-10,-48.7,148.7,-118.828,10,-48.7,-4.87
-148.9,-119.805,-10,-48.9,148.9,-119.805,10,-48.9,-4.89
-149.1,-120.786,-10,-49.1,149.1,-120.786,10,-49.1,-4.91
-149.3,-121.771,-10,-49.3,149.3,-121.771,10,-49.3,-4.93
-149.6,-123.256,-10,-49.6,149.6,-123.256,10,-49.6,-4.96
-149.7,-123.753,-10,-49.7,149.7,-123.753,10,-49.7,-4.97
-149.9,-124.75,-10,-49.9,149.9,-124.75,10,-49.9,-4.99
